Optical constants of  ZnO for E⊥c (ordinary ray) at 300K (source Adachi)
e(eV) λ(nm) ε1 ε2 n k α(cm-1) R
0.050 24790 75.64 45.30 9.050 2.50296 1.27e+04 0.663
0.0505 24545 81.31 92.43 10.11 4.57133 2.34e+04 0.720
0.05075 24424 63.92 128.4 10.18 6.30526 3.24e+04 0.753
0.05100 24304 19.20 154.1 9.341 8.25005 4.27e+04 0.786
0.05105 24280 7.917 155.4 9.042 8.59281 4.45e+04 0.793
0.05110 24256 -3.460 155.0 8.705 8.90172 4.61e+04 0.799
0.05115 24233 -14.57 152.9 8.339 9.17065 4.76e+04 0.805
0.05120 24209 -25.07 149.4 7.950 9.39565 4.88e+04 0.811
0.05125 24185 -34.70 144.5 7.548 9.57482 4.97e+04 0.817
0.0515 24068 -65.65 110.1 5.594 9.84589 5.14e+04 0.841
0.0520 23837 -68.97 53.79 3.041 8.84409 4.66e+04 0.871
0.0525 23610 -55.22 28.55 1.863 7.66110 4.08e+04 0.889
0.053 23387 -43.71 17.12 1.272 6.73251 3.62e+04 0.899
0.054 22954 -29.28 7.940 0.727 5.45952 2.99e+04 0.911
0.055 22536 -21.18 4.519 0.488 4.62840 2.58e+04 0.917
0.056 22134 -16.12 2.902 0.360 4.03148 2.29e+04 0.920
0.057 21746 -12.69 2.017 0.282 3.57297 2.06e+04 0.922
0.058 21371 -10.21 1.481 0.231 3.20344 1.88e+04 0.922
0.059 21008 -8.341 1.132 0.196 2.89471 1.73e+04 0.920
0.06 20658 -6.885 0.893 0.170 2.62942 1.60e+04 0.918
0.07 17707 -0.764 0.196 0.111 0.88087 6.25e+03 0.778
0.08 15494 1.098 0.082 1.049 0.03911 3.17e+02 0.001
0.09 13772 1.980 0.044 1.407 0.01563 1.43e+02 0.029
0.10 12395 2.486 0.027 1.577 0.00856 8.68e+01 0.050
0.20 6198 3.661 0.0021 1.913 0.00055 1.12e+01 0.098
0.31 4000 3.5687 0 1.8891 0 0 0.095
0.33 3800 3.5963 0 1.8964 0 0 0.096
0.34 3600 3.6077 0 1.8994 0 0 0.096
0.36 3400 3.6184 0 1.9022 0 0 0.097
0.39 3200 3.6286 0 1.9049 0 0 0.097
0.41 3000 3.6386 0 1.9075 0 0 0.097
0.44 2800 3.6481 0 1.9100 0 0 0.098
0.48 2600 3.6588 0 1.9128 0 0 0.098
0.5 2479 3.664 0 1.914 0 0 0.098
0.6 2066 3.682 0 1.919 0 0 0.099
0.7 1771 3.698 0 1.923 0 0 0.100
0.8 1549 3.712 0 1.927 0 0 0.100
0.9 1377 3.726 0 1.930 0 0 0.101
1.0 1240 3.741 0 1.934 0 0 0.101
1.1 1127 3.756 0 1.938 0 0 0.102
1.2 1033 3.771 0 1.942 0 0 0.103
1.3 953.5 3.787 0 1.946 0 0 0.103
1.4 885.4 3.805 0 1.951 0 0 0.104
1.5 826.3 3.829 0 1.957 0 0 0.105
1.6 774.7 3.853 0 1.963 0 0 0.106
1.7 729.1 3.877 0 1.969 0 0 0.107
1.8 688.6 3.905 0 1.976 0 0 0.108
1.9 652.4 3.938 0 1.984 0 0 0.109
2.0 619.8 3.972 0 1.993 0 0 0.110
2.1 590.2 4.011 0 2.003 0 0 0.112
2.2 563.4 4.063 0 2.016 0 0 0.113
2.3 538.9 4.114 0 2.028 0 0 0.115
2.4 516.5 4.166 0 2.041 0 0 0.117
2.5 495.8 4.224 0 2.055 0 0 0.119
2.6 476.7 4.306 0 2.075 0 0 0.122
2.7 459.1 4.389 0 2.095 0 0 0.125
2.8 442.7 4.486 0 2.118 0 0 0.129
2.9 427.4 4.592 0 2.143 0 0 0.132
2.95 420.2 4.706 0.013 2.169 0.0031 9.2e+02 0.136
3.00 413.2 4.843 0.026 2.201 0.0058 1.8e+03 0.141
3.05 406.4 5.005 0.038 2.237 0.0085 2.6e+03 0.146
3.10 399.8 5.179 0.059 2.276 0.013 4.1e+03 0.152
3.15 393.5 5.352 0.121 2.314 0.026 8.4e+03 0.157
3.20 387.3 5.925 0.531 2.437 0.109 3.5e+04 0.176
3.25 381.4 6.535 1.376 2.570 0.268 8.8e+04 0.198
3.30 375.6 5.085 2.333 2.311 0.505 1.7e+05 0.176
3.33 372.2 4.766 2.621 2.259 0.580 2.0e+05 0.175
3.35 370.0 4.548 2.572 2.211 0.582 2.0e+05 0.169
3.4 364.6 4.195 2.326 2.120 0.549 1.9e+05 0.155
3.5 354.1 4.084 2.035 2.079 0.489 1.7e+05 0.144
3.6 344.3 3.990 1.905 2.051 0.464 1.7e+05 0.139
3.7 335.0 3.847 1.844 2.014 0.458 1.7e+05 0.133
3.8 326.2 3.788 1.769 1.996 0.443 1.7e+05 0.130
3.9 317.8 3.717 1.699 1.975 0.430 1.7e+05 0.126
4.0 309.9 3.679 1.676 1.965 0.427 1.7e+05 0.124
4.5 275.4 3.459 1.560 1.904 0.410 1.9e+05 0.115
5 247.9 3.200 1.492 1.835 0.407 2.1e+05 0.105
6 206.6 3.000 1.308 1.771 0.369 2.2e+05 0.094
7 177.1 3.000 1.495 1.782 0.420 3.0e+05 0.100
8 154.9 3.100 1.900 1.835 0.518 4.2e+05 0.116
8.75 141.7 2.900 2.492 1.834 0.680 6.0e+05 0.136
9 137.7 2.400 2.461 1.708 0.720 6.6e+05 0.130
10 124.0 2.500 1.838 1.674 0.549 5.6e+05 0.101
11 112.7 3.000 2.555 1.863 0.686 7.6e+05 0.140
12 103.3 2.800 4.206 1.981 1.061 1.3e+06 0.209
12.5 99.16 1.400 4.393 1.734 1.267 1.6e+06 0.236
13 95.35 0.600 3.738 1.481 1.262 1.7e+06 0.235
14 88.54 0.000 3.364 1.297 1.297 1.8e+06 0.254
15 82.63 -1.000 3.053 1.052 1.451 2.2e+06 0.334
16 77.47 -1.000 1.869 0.748 1.249 2.0e+06 0.352
17 72.91 -0.900 1.271 0.573 1.108 1.9e+06 0.381
18 68.86 -0.400 1.028 0.593 0.867 1.6e+06 0.279
19 65.24 0.000 0.810 0.636 0.636 1.2e+06 0.174
20 61.98 0.000 0.748 0.611 0.611 1.2e+06 0.177
30.00 41.32 0.8848 5.33e-01 0.9793 2.72e-01 8.28e+05 1.87e-02
30.88 40.13 0.8819 5.14e-01 0.9754 2.64e-01 8.26e+05 1.77e-02
31.79 38.98 0.8790 4.96e-01 0.9717 2.55e-01 8.23e+05 1.67e-02
32.73 37.87 0.8760 4.79e-01 0.9681 2.47e-01 8.21e+05 1.58e-02
33.70 36.78 0.8723 4.62e-01 0.9642 2.40e-01 8.19e+05 1.50e-02
34.69 35.73 0.8690 4.45e-01 0.9605 2.32e-01 8.15e+05 1.42e-02
35.71 34.71 0.8656 4.29e-01 0.9570 2.24e-01 8.11e+05 1.34e-02
36.76 33.72 0.8617 4.11e-01 0.9530 2.15e-01 8.03e+05 1.26e-02
37.85 32.75 0.8604 3.92e-01 0.9503 2.06e-01 7.92e+05 1.17e-02
38.96 31.81 0.8601 3.76e-01 0.9483 1.98e-01 7.82e+05 1.09e-02
40.11 30.90 0.8601 3.60e-01 0.9467 1.90e-01 7.73e+05 1.02e-02
41.29 30.02 0.8603 3.45e-01 0.9453 1.82e-01 7.64e+05 9.51e-03
42.51 29.16 0.8603 3.31e-01 0.9440 1.75e-01 7.56e+05 8.89e-03
43.76 28.32 0.8598 3.18e-01 0.9424 1.69e-01 7.48e+05 8.34e-03
45.05 27.51 0.8583 3.03e-01 0.9403 1.61e-01 7.36e+05 7.78e-03
46.38 26.72 0.8588 2.88e-01 0.9393 1.53e-01 7.21e+05 7.18e-03
47.75 25.96 0.8600 2.74e-01 0.9388 1.46e-01 7.07e+05 6.63e-03
49.15 25.22 0.8612 2.61e-01 0.9383 1.39e-01 6.92e+05 6.11e-03
50.60 24.49 0.8632 2.47e-01 0.9384 1.32e-01 6.76e+05 5.60e-03
52.09 23.79 0.8658 2.35e-01 0.9388 1.25e-01 6.60e+05 5.13e-03
53.63 23.11 0.8687 2.23e-01 0.9395 1.19e-01 6.45e+05 4.69e-03
55.21 22.45 0.8716 2.12e-01 0.9404 1.13e-01 6.30e+05 4.30e-03
56.84 21.81 0.8746 2.01e-01 0.9413 1.07e-01 6.17e+05 3.94e-03
58.51 21.18 0.8774 1.92e-01 0.9422 1.02e-01 6.03e+05 3.62e-03
60.24 20.58 0.8801 1.82e-01 0.9431 9.64e-02 5.89e+05 3.31e-03
62.01 19.99 0.8833 1.72e-01 0.9442 9.13e-02 5.74e+05 3.02e-03
63.84 19.42 0.8865 1.64e-01 0.9455 8.65e-02 5.60e+05 2.75e-03
65.72 18.86 0.8899 1.55e-01 0.9469 8.20e-02 5.46e+05 2.51e-03
67.66 18.32 0.8932 1.47e-01 0.9483 7.77e-02 5.33e+05 2.29e-03
69.65 17.80 0.8966 1.40e-01 0.9497 7.37e-02 5.20e+05 2.09e-03
71.71 17.29 0.8998 1.33e-01 0.9512 6.99e-02 5.08e+05 1.91e-03
73.82 16.79 0.9030 1.26e-01 0.9526 6.63e-02 4.96e+05 1.74e-03
75.99 16.31 0.9061 1.20e-01 0.9540 6.28e-02 4.84e+05 1.59e-03
78.23 15.84 0.9092 1.14e-01 0.9554 5.96e-02 4.72e+05 1.45e-03
80.54 15.39 0.9124 1.08e-01 0.9568 5.65e-02 4.61e+05 1.32e-03
82.91 14.95 0.9155 1.03e-01 0.9583 5.35e-02 4.50e+05 1.20e-03
85.36 14.52 0.9187 9.76e-02 0.9598 5.09e-02 4.40e+05 1.09e-03
87.87 14.11 0.9216 9.31e-02 0.9612 4.84e-02 4.31e+05 1.00e-03
90.46 13.70 0.9244 8.88e-02 0.9626 4.61e-02 4.23e+05 9.16e-04
93.13 13.31 0.9270 8.47e-02 0.9638 4.39e-02 4.15e+05 8.40e-04
95.87 12.93 0.9294 8.08e-02 0.9650 4.19e-02 4.07e+05 7.72e-04
98.70 12.56 0.9316 7.71e-02 0.9660 3.99e-02 3.99e+05 7.10e-04
101.6 12.20 0.9338 7.34e-02 0.9671 3.80e-02 3.91e+05 6.53e-04
104.6 11.85 0.9359 7.00e-02 0.9681 3.61e-02 3.83e+05 6.00e-04
107.7 11.51 0.9378 6.66e-02 0.9690 3.44e-02 3.75e+05 5.52e-04
110.9 11.18 0.9397 6.32e-02 0.9699 3.26e-02 3.66e+05 5.06e-04
114.1 10.86 0.9417 6.00e-02 0.9709 3.09e-02 3.58e+05 4.64e-04
117.5 10.55 0.9436 5.70e-02 0.9718 2.93e-02 3.49e+05 4.25e-04
121.0 10.25 0.9454 5.41e-02 0.9727 2.78e-02 3.41e+05 3.90e-04
124.5 9.955 0.9470 5.14e-02 0.9735 2.64e-02 3.33e+05 3.59e-04
128.2 9.670 0.9486 4.83e-02 0.9743 2.48e-02 3.22e+05 3.27e-04
132.0 9.393 0.9506 4.52e-02 0.9753 2.32e-02 3.10e+05 2.94e-04
135.9 9.124 0.9532 4.24e-02 0.9766 2.17e-02 2.99e+05 2.61e-04
139.9 8.863 0.9560 4.10e-02 0.9780 2.10e-02 2.97e+05 2.37e-04
144.0 8.609 0.9573 4.03e-02 0.9786 2.06e-02 3.00e+05 2.25e-04
148.2 8.362 0.9576 3.85e-02 0.9788 1.97e-02 2.96e+05 2.14e-04
152.6 8.123 0.9587 3.63e-02 0.9793 1.85e-02 2.87e+05 1.97e-04
157.1 7.891 0.9599 3.42e-02 0.9799 1.75e-02 2.78e+05 1.81e-04
161.7 7.665 0.9612 3.22e-02 0.9805 1.64e-02 2.70e+05 1.66e-04
166.5 7.445 0.9624 3.04e-02 0.9811 1.55e-02 2.62e+05 1.52e-04
171.4 7.232 0.9636 2.87e-02 0.9818 1.46e-02 2.54e+05 1.39e-04
176.4 7.025 0.9648 2.70e-02 0.9823 1.38e-02 2.46e+05 1.27e-04
181.6 6.824 0.9659 2.54e-02 0.9829 1.29e-02 2.38e+05 1.17e-04
187.0 6.629 0.9669 2.38e-02 0.9834 1.21e-02 2.29e+05 1.07e-04
192.5 6.439 0.9681 2.22e-02 0.9840 1.13e-02 2.20e+05 9.76e-05
198.2 6.254 0.9692 2.07e-02 0.9845 1.05e-02 2.11e+05 8.87e-05
204.0 6.075 0.9703 1.93e-02 0.9851 9.82e-03 2.03e+05 8.07e-05
210.0 5.901 0.9714 1.81e-02 0.9856 9.16e-03 1.95e+05 7.37e-05
216.2 5.733 0.9723 1.67e-02 0.9861 8.46e-03 1.85e+05 6.70e-05
222.6 5.568 0.9734 1.53e-02 0.9867 7.76e-03 1.75e+05 6.03e-05
229.2 5.409 0.9746 1.41e-02 0.9873 7.13e-03 1.66e+05 5.40e-05
235.9 5.254 0.9758 1.30e-02 0.9878 6.58e-03 1.57e+05 4.84e-05
242.9 5.104 0.9769 1.20e-02 0.9884 6.08e-03 1.50e+05 4.34e-05
250.0 4.958 0.9780 1.11e-02 0.9889 5.62e-03 1.42e+05 3.89e-05
257.4 4.816 0.9790 1.03e-02 0.9895 5.19e-03 1.35e+05 3.49e-05
265.0 4.678 0.9800 9.49e-03 0.9900 4.79e-03 1.29e+05 3.13e-05
272.8 4.544 0.9809 8.77e-03 0.9904 4.43e-03 1.22e+05 2.80e-05
280.8 4.414 0.9819 8.11e-03 0.9909 4.09e-03 1.16e+05 2.51e-05
289.1 4.287 0.9828 7.49e-03 0.9913 3.78e-03 1.11e+05 2.25e-05
297.6 4.165 0.9836 6.92e-03 0.9918 3.49e-03 1.05e+05 2.02e-05
306.4 4.046 0.9844 6.39e-03 0.9922 3.22e-03 1.00e+05 1.81e-05
315.4 3.930 0.9852 5.88e-03 0.9926 2.96e-03 9.48e+04 1.62e-05
324.7 3.817 0.9859 5.42e-03 0.9929 2.73e-03 8.98e+04 1.44e-05
334.3 3.708 0.9866 4.99e-03 0.9933 2.51e-03 8.51e+04 1.29e-05
344.1 3.602 0.9873 4.59e-03 0.9936 2.31e-03 8.07e+04 1.15e-05
354.3 3.499 0.9880 4.23e-03 0.9940 2.13e-03 7.64e+04 1.03e-05
364.7 3.399 0.9886 3.90e-03 0.9943 1.96e-03 7.25e+04 9.18e-06
375.5 3.301 0.9892 3.59e-03 0.9946 1.80e-03 6.87e+04 8.20e-06
386.5 3.207 0.9897 3.28e-03 0.9949 1.65e-03 6.47e+04 7.33e-06
397.9 3.115 0.9903 2.99e-03 0.9951 1.50e-03 6.06e+04 6.52e-06
409.7 3.026 0.9908 2.73e-03 0.9954 1.37e-03 5.69e+04 5.78e-06
421.7 2.939 0.9913 2.48e-03 0.9957 1.25e-03 5.33e+04 5.13e-06
434.2 2.855 0.9918 2.26e-03 0.9959 1.14e-03 5.00e+04 4.53e-06
447.0 2.773 0.9923 2.06e-03 0.9961 1.04e-03 4.69e+04 4.00e-06
460.1 2.694 0.9927 1.88e-03 0.9964 9.42e-04 4.39e+04 3.53e-06
473.7 2.617 0.9932 1.70e-03 0.9966 8.52e-04 4.09e+04 3.10e-06
487.6 2.542 0.9936 1.53e-03 0.9968 7.70e-04 3.81e+04 2.71e-06
502.0 2.469 0.9941 1.39e-03 0.9970 6.96e-04 3.54e+04 2.34e-06
516.8 2.398 0.9945 1.25e-03 0.9972 6.29e-04 3.29e+04 2.00e-06
532.0 2.330 0.9950 1.13e-03 0.9975 5.68e-04 3.06e+04 1.62e-06
547.7 2.263 0.9958 1.82e-03 0.9979 9.12e-04 5.06e+04 1.32e-06
563.9 2.198 0.9954 1.65e-03 0.9977 8.27e-04 4.73e+04 1.51e-06
580.5 2.135 0.9955 1.50e-03 0.9978 7.51e-04 4.42e+04 1.41e-06
597.6 2.074 0.9957 1.36e-03 0.9978 6.82e-04 4.13e+04 1.28e-06
615.2 2.015 0.9959 1.24e-03 0.9979 6.20e-04 3.87e+04 1.16e-06
633.3 1.957 0.9961 1.13e-03 0.9980 5.64e-04 3.62e+04 1.04e-06
652.0 1.901 0.9963 1.02e-03 0.9981 5.11e-04 3.38e+04 9.32e-07
671.2 1.847 0.9965 9.22e-04 0.9982 4.62e-04 3.14e+04 8.28e-07
691.0 1.794 0.9967 8.40e-04 0.9983 4.20e-04 2.95e+04 7.34e-07
711.4 1.742 0.9969 7.65e-04 0.9984 3.83e-04 2.76e+04 6.50e-07
732.3 1.693 0.9971 6.96e-04 0.9985 3.48e-04 2.59e+04 5.75e-07
753.9 1.644 0.9972 6.32e-04 0.9986 3.16e-04 2.42e+04 5.06e-07
776.1 1.597 0.9974 5.74e-04 0.9987 2.87e-04 2.26e+04 4.45e-07
799.0 1.551 0.9976 5.19e-04 0.9988 2.60e-04 2.11e+04 3.89e-07
822.5 1.507 0.9977 4.69e-04 0.9989 2.35e-04 1.96e+04 3.38e-07
846.8 1.464 0.9979 4.24e-04 0.9989 2.12e-04 1.82e+04 2.91e-07
871.7 1.422 0.9980 3.84e-04 0.99902 1.92e-04 1.70e+04 2.49e-07
897.4 1.381 0.9982 3.48e-04 0.99910 1.74e-04 1.58e+04 2.11e-07
923.9 1.342 0.9984 3.15e-04 0.99918 1.58e-04 1.48e+04 1.75e-07
951.1 1.303 0.9985 2.86e-04 0.99927 1.43e-04 1.38e+04 1.40e-07
979.1 1.266 0.9987 2.59e-04 0.99937 1.30e-04 1.29e+04 1.03e-07
1008 1.230 0.99915 2.35e-04 0.99958 1.18e-04 1.20e+04 4.86e-08
1038 1.194 0.99911 1.00e-03 0.99955 5.03e-04 5.29e+04 1.13e-07
1068 1.160 0.99886 9.26e-04 0.99943 4.63e-04 5.02e+04 1.35e-07
1100 1.127 0.99879 8.53e-04 0.99939 4.27e-04 4.76e+04 1.37e-07
1132 1.095 0.99877 7.86e-04 0.99939 3.93e-04 4.51e+04 1.33e-07
1166 1.063 0.99878 7.24e-04 0.99939 3.62e-04 4.28e+04 1.26e-07
1200 1.033 0.99879 6.67e-04 0.99940 3.34e-04 4.06e+04 1.19e-07
1235 1.003 0.99882 6.14e-04 0.99941 3.07e-04 3.85e+04 1.11e-07
1272 0.9747 0.99884 5.61e-04 0.99942 2.81e-04 3.62e+04 1.03e-07
1309 0.9468 0.99888 5.08e-04 0.99944 2.54e-04 3.37e+04 9.46e-08
1348 0.9197 0.99892 4.59e-04 0.99946 2.30e-04 3.14e+04 8.62e-08
1387 0.8934 0.99896 4.15e-04 0.99948 2.08e-04 2.92e+04 7.81e-08
1428 0.8678 0.99901 3.76e-04 0.99950 1.88e-04 2.72e+04 7.06e-08
1470 0.8429 0.99905 3.40e-04 0.99952 1.70e-04 2.53e+04 6.37e-08
1514 0.8188 0.99909 3.07e-04 0.99955 1.54e-04 2.36e+04 5.73e-08
1558 0.7954 0.99914 2.78e-04 0.99957 1.39e-04 2.20e+04 5.15e-08
1604 0.7726 0.99918 2.51e-04 0.99959 1.26e-04 2.04e+04 4.62e-08
1652 0.7505 0.99922 2.27e-04 0.99961 1.14e-04 1.90e+04 4.14e-08
1700 0.7290 0.99926 2.05e-04 0.99963 1.03e-04 1.77e+04 3.71e-08
1750 0.7081 0.99930 1.85e-04 0.99965 9.27e-05 1.64e+04 3.32e-08
1802 0.6879 0.99933 1.67e-04 0.99967 8.36e-05 1.53e+04 2.97e-08
1855 0.6682 0.99937 1.51e-04 0.99968 7.54e-05 1.42e+04 2.65e-08
1910 0.6490 0.99940 1.36e-04 0.99970 6.80e-05 1.32e+04 2.36e-08
1966 0.6305 0.99943 1.23e-04 0.99972 6.13e-05 1.22e+04 2.11e-08
2024 0.6124 0.99946 1.11e-04 0.99973 5.53e-05 1.14e+04 1.88e-08
2084 0.5949 0.99949 9.97e-05 0.99975 4.99e-05 1.05e+04 1.68e-08
2145 0.5778 0.99952 8.98e-05 0.99976 4.49e-05 9.77e+03 1.49e-08
2208 0.5613 0.99955 8.09e-05 0.99977 4.05e-05 9.06e+03 1.33e-08
2273 0.5452 0.99957 7.29e-05 0.99979 3.64e-05 8.40e+03 1.18e-08
2340 0.5296 0.99960 6.56e-05 0.99980 3.28e-05 7.78e+03 1.05e-08
2409 0.5145 0.99962 5.90e-05 0.99981 2.95e-05 7.21e+03 9.36e-09
2480 0.4997 0.99964 5.31e-05 0.99982 2.66e-05 6.68e+03 8.32e-09
2553 0.4854 0.99966 4.78e-05 0.99983 2.39e-05 6.19e+03 7.40e-09
2629 0.4715 0.99968 4.30e-05 0.99984 2.15e-05 5.73e+03 6.58e-09
2706 0.4580 0.99970 3.87e-05 0.99985 1.93e-05 5.30e+03 5.85e-09
2786 0.4449 0.99971 3.48e-05 0.99986 1.74e-05 4.91e+03 5.20e-09
2868 0.4322 0.99973 3.13e-05 0.99987 1.56e-05 4.54e+03 4.62e-09
2953 0.4198 0.99975 2.81e-05 0.99987 1.41e-05 4.21e+03 4.10e-09
3040 0.4078 0.99976 2.53e-05 0.99988 1.26e-05 3.89e+03 3.64e-09
3129 0.3961 0.99977 2.27e-05 0.99989 1.13e-05 3.60e+03 3.24e-09
3221 0.3848 0.99979 2.04e-05 0.99989 1.02e-05 3.33e+03 2.88e-09
3316 0.3738 0.99980 1.83e-05 0.99990 9.16e-06 3.08e+03 2.55e-09
3414 0.3631 0.99981 1.65e-05 0.999905 8.23e-06 2.85e+03 2.27e-09
3515 0.3527 0.99982 1.48e-05 0.999911 7.39e-06 2.63e+03 2.01e-09
3618 0.3426 0.99983 1.33e-05 0.999916 6.64e-06 2.44e+03 1.79e-09
3725 0.3328 0.99984 1.19e-05 0.999921 5.96e-06 2.25e+03 1.59e-09
3835 0.3232 0.99985 1.07e-05 0.999925 5.35e-06 2.08e+03 1.41e-09
3948 0.3140 0.99986 9.61e-06 0.999929 4.81e-06 1.92e+03 1.25e-09
4064 0.3050 0.99987 8.63e-06 0.999933 4.31e-06 1.78e+03 1.11e-09
4184 0.2963 0.99987 7.74e-06 0.999937 3.87e-06 1.64e+03 9.87e-10
4307 0.2878 0.99988 6.95e-06 0.999941 3.48e-06 1.52e+03 8.77e-10
4434 0.2795 0.99989 6.24e-06 0.999944 3.12e-06 1.40e+03 7.78e-10
4565 0.2715 0.99989 5.60e-06 0.999947 2.80e-06 1.30e+03 6.91e-10
4699 0.2638 0.999901 5.02e-06 0.999951 2.51e-06 1.20e+03 6.14e-10
4838 0.2562 0.999907 4.51e-06 0.999953 2.25e-06 1.11e+03 5.45e-10
4980 0.2489 0.999912 4.04e-06 0.999956 2.02e-06 1.02e+03 4.84e-10
5127 0.2418 0.999917 3.63e-06 0.999959 1.81e-06 9.42e+02 4.29e-10
5278 0.2348 0.999922 3.25e-06 0.999961 1.63e-06 8.70e+02 3.81e-10
5434 0.2281 0.999926 2.92e-06 0.999963 1.46e-06 8.03e+02 3.38e-10
5594 0.2216 0.999931 2.62e-06 0.999965 1.31e-06 7.42e+02 3.00e-10
5759 0.2152 0.999935 2.35e-06 0.999967 1.17e-06 6.85e+02 2.67e-10
5928 0.2091 0.999939 2.10e-06 0.999969 1.05e-06 6.32e+02 2.37e-10
6103 0.2031 0.999942 1.88e-06 0.999971 9.42e-07 5.83e+02 2.10e-10
6283 0.1973 0.999945 1.69e-06 0.999973 8.45e-07 5.38e+02 1.86e-10
6468 0.1916 0.999949 1.51e-06 0.999974 7.57e-07 4.96e+02 1.65e-10
6659 0.1861 0.999952 1.36e-06 0.999976 6.78e-07 4.58e+02 1.47e-10
6855 0.1808 0.999954 1.22e-06 0.999977 6.08e-07 4.22e+02 1.30e-10
7057 0.1756 0.999957 1.09e-06 0.999979 5.44e-07 3.89e+02 1.15e-10
7265 0.1706 0.999960 9.75e-07 0.999980 4.88e-07 3.59e+02 1.02e-10
7479 0.1657 0.999962 8.73e-07 0.999981 4.37e-07 3.31e+02 9.06e-11
7700 0.1610 0.999964 7.82e-07 0.999982 3.91e-07 3.05e+02 8.02e-11
7927 0.1564 0.999966 7.00e-07 0.999983 3.50e-07 2.81e+02 7.10e-11
8160 0.1519 0.999968 6.26e-07 0.999984 3.13e-07 2.59e+02 6.28e-11
8401 0.1475 0.999970 5.60e-07 0.999985 2.80e-07 2.39e+02 5.54e-11
8648 0.1433 0.999972 5.01e-07 0.999986 2.51e-07 2.20e+02 4.88e-11
8903 0.1392 0.999974 4.48e-07 0.999987 2.24e-07 2.02e+02 4.28e-11
9166 0.1352 0.999976 4.01e-07 0.999988 2.00e-07 1.86e+02 3.73e-11
9436 0.1314 0.999977 3.58e-07 0.999989 1.79e-07 1.71e+02 3.17e-11
9714 0.1276 0.999981 2.38e-06 0.999991 1.19e-06 1.17e+03 2.24e-11
10000 0.1240 0.999980 2.15e-06 0.999990 1.08e-06 1.09e+03 2.65e-11